Pancakes = 20 gap-x = 1
Algorithms: A* RA* IDD DIBBS GBFHS 
336042 142008 59657 135967 1057 37354 3957 9165 4740 174702 75071 197672 4379 18017 106514 1104916 147814 13562 111600 211333 1485 9394 19446 21381 140318 138981 199781 292414 6673 168857 11275 5736 18140 11090 334355 1782982 324831 11354 10138 122129 9017 210105 203056 296227 5040 55691 72643 434399 2953 14135 411289 154437 13832 8363 182111 12976 131075 68560 133939 48480 9922 93798 7183 90049 58044 271540 11471 612048 6504 332039 8149 139413 11527 38614 13034 8133 73679 412184 10357 6821 88797 3089 14036 14822 9124 80588 79 11064 174095 116035 362251 12114 312128 540321 292534 8526 10995 182459 198436 10540 
1459806700 516370800 159971700 436195400 2224700 96892300 8924600 20906300 9993100 623093000 213507600 700108500 10000200 42216200 332075600 6104674900 515920900 33398200 343985700 761670300 3434200 24308900 54640900 61855600 465833300 433587700 699703500 1133814800 15493700 578627900 26939700 13679900 42942800 24283300 1434857200 10179393300 1444636400 27106200 24161000 381641800 21871700 747221800 712847500 1194790600 11088300 162628200 222323000 1973222500 6644100 36521200 1849076800 584006200 36196200 20925300 694714000 32975800 447576300 202304900 447441300 139132700 23934000 273668900 16530300 264794800 165067300 1132388400 27262400 3039719300 15705400 1468434400 18211900 484540700 26413600 101113400 31937100 17552400 215887400 1848643500 25327300 15820400 273532600 7038500 34055600 35721400 21455200 249940700 194300 25815200 628717200 359402800 1555783800 28586500 1275090400 2700789800 1267340300 21958000 26845100 666360000 700058800 25504000 
287236 34962 22483 32365 461 15099 3655 81457 4526 53529 80646 37368 34146 19631 23624 439987 43235 2624 39672 45886 290 1583 4228 7099 175703 137873 27201 87282 1006 180799 1442 1055 2286 1184 84004 688793 92613 24801 38443 32634 3128 36896 70617 74114 913 22378 22175 145622 426 27255 78178 34925 2679 2139 31826 106347 41754 37471 30552 17974 1443 58878 1126 15000 40831 68754 70865 176422 500 161499 25450 23166 1152 35054 79533 1560 76195 103717 71861 1359 17593 35683 2293 1037 928 21300 514 27820 55148 31239 71994 18450 98998 271410 110060 1683 1133 38802 47308 89512 
1135757200 95502000 58909200 90121100 953800 37190100 8654300 234361000 10736200 146942500 236537000 98522300 92604800 52484300 60219300 1988725000 133983600 6442500 109273500 134356200 595800 3128500 9987400 16054000 714962000 478088800 69153300 278859400 2146700 651388100 3082500 2381900 5197400 2716700 246816200 3389250000 266236500 62808400 101668600 89907400 6866300 97320200 208200100 216556000 1946000 58060000 56565700 532138900 970500 69639000 228054000 94303600 6167200 4650300 86350000 345225400 121342200 100573200 83736200 43255000 3017900 162169600 2541400 37140400 109395100 202486100 213728100 630694700 1217900 591821700 66164500 59453800 2560500 94067800 229268900 3251400 227871800 318325800 209453300 2847200 41821600 94307400 4941600 2261400 2036700 54910500 1137100 69442900 151592400 86970700 208615100 44190600 313313000 1157185400 351070700 3937900 2627800 101434400 132323000 255996400 
4457 6330 1714 5599 881 2265 4087 172 4314 7520 1229 7553 3951 14043 17052 56320 5610 11900 43107 8382 1345 9053 16556 13535 1705 1871 142106 9174 4567 2704 8892 5717 15517 9315 10980 100528 12411 10239 9100 63632 7258 7671 7011 10083 3989 3260 42540 32600 2551 4188 12566 6655 14926 12419 7939 262 5863 3035 5911 7935 8826 2457 7369 44286 2851 10557 10401 16443 5305 25153 7133 39127 8635 848 252 7616 1552 15738 150 5347 52159 96 12136 11423 15175 3764 116 6133 8739 2658 13593 272 7590 21489 12487 7646 9401 7808 10382 9556 
8120900 8412100 2184200 6642900 1198400 2869300 6795600 292800 8127300 8597600 1817500 10405600 7204400 29099900 28846600 83304500 6746900 23473400 96494500 11345900 2058300 15386900 42407200 18933200 2464500 3188600 492771700 12813800 7413400 5149000 16722200 9664500 35055200 17161800 14584700 202434100 15593800 20673500 16592500 191442000 12335600 9220700 8612900 12951000 7095800 4362100 70188800 44589200 3696700 6173000 16624100 8818900 25190000 17474700 10966500 473200 7619100 3789500 6932100 10810600 15840400 3496600 13521400 107524400 3158300 12958600 19939800 23069700 9389500 37919400 13318200 69804600 15662300 1320700 438100 12646600 2447500 20764600 199100 9030200 170756200 150300 22913300 23869100 21315300 4453100 222200 8621700 12302300 3188300 17694100 396100 10191200 27539500 17446500 16404400 16741300 10293400 15151700 18559100 
6457 3264 1047 2967 907 1227 4410 134 3242 3972 2304 3877 3381 13347 12048 31316 3054 10908 25037 4271 1201 6836 15072 12317 3260 3504 86791 5025 4059 4639 8062 4713 13364 7944 5749 53653 6427 8757 8010 34531 6481 3952 3841 5400 4088 1779 19470 16979 2304 810 6596 3339 11207 6560 3922 208 3223 1803 3076 2602 7248 1900 6386 15823 1447 5186 9099 8554 4830 14055 6785 10804 8082 1056 196 6285 2478 8228 110 5180 28220 62 11232 10154 7427 2008 3455 5282 4294 1498 6652 465 4228 14331 6444 6671 9007 3968 4960 8033 
71383700 30735900 8365000 25783100 7224800 9779400 44944800 1079000 30153900 39663600 21906900 37719300 31950200 172739900 164386600 498450600 27440500 142138700 432640000 46109800 10223100 80476900 211525900 166010000 30602700 32602800 1897251800 54534100 41343800 47493700 100625400 43959400 175459600 93450300 59954100 994844900 69672400 109089300 85390900 655250700 74738600 37571300 34518200 54170600 38712600 13214900 310719500 231922300 19293400 5950600 71982900 30581800 150298400 69810600 34198800 1490300 27222700 13775100 27288300 24083000 78277000 14393800 66824400 228693500 15551500 52868100 116411100 92437400 51322800 189521100 71185700 144089000 104450500 8992400 1406700 70025800 22745700 90864700 809900 49805900 481247300 529400 144130300 133687000 79913000 20079700 31153200 56879700 38658900 11309800 69270000 3430500 39727300 178389500 62391700 74123500 113496000 32715800 47400500 94226900 
303870 98450 53922 104722 1138 30039 4821 259620 3695 128198 84326 118065 104190 12851 85694 563175 114466 10611 94109 146240 1414 6246 12252 19967 167163 145037 125804 216530 5162 165692 7405 4508 12382 7285 200651 1266461 255123 256682 250637 92363 6661 141220 174295 229818 3856 48395 66484 318498 2616 26302 280475 45662 8882 5879 67333 321593 98554 67483 103624 49581 6859 87060 4982 65818 51454 215688 220298 405988 4772 269066 216386 101884 7710 41438 305854 6275 82088 301378 291072 5381 65687 92061 10803 8897 6214 67665 2439 12906 123000 88669 252302 18317 239508 526160 225294 5971 7029 124008 122649 272586 
10101197000 2652697800 1247232600 2741345400 8837200 589030600 52131100 8072415100 40462100 3421424300 2076704200 3144109800 2653836200 209812200 2279613000 19928962200 3161782400 165597300 2742649600 4041387300 13271400 87713000 204392700 346329800 5260403100 4239358300 3269374600 6718655800 64188900 5190654500 101395700 48683300 202060600 99685600 6070921800 57344903700 7913506800 8116452800 7777576000 2533442100 93048400 4178375000 5576764200 7173355100 40527100 1093699900 1576172000 9682393100 24738700 499602800 8800176200 975184900 118603300 70574100 1618159100 10280751900 2603410700 1585187600 2664002100 1070814400 77108600 2228960600 55924100 1532550100 1118312300 6404368200 6679713800 13909927500 59031300 8378304100 6953085200 2683502000 131678600 967231000 9687050800 69391200 2167060100 8898078800 8804348800 59621300 1476024200 2420248200 178639300 145395900 79142900 1690687600 21524900 189507400 3414793700 2316958400 7662768300 308492400 7247127700 17751592700 6616868300 65067600 82682200 3224442900 3203504600 8368792200 
