Pancakes = 30 gap-x = 0
Algorithms: A* RA* IDD DIBBS GBFHS 
1805 635 14242 275 240 19093 1300 535 2283 31214 654 379 943 864 71 1447 1839 932 2171 2719 786 7318 575 519 1046 1611 1172 2238 335 848 374 1589 2093 701 862 401 3174 296 2080 385 1127 1361 459 9109 2432 3359 43828 583 3459 6242 2504 13049 365 3889 19545 618 710 1129 1248 921 1482 2536 410 3150 3281 1150 647 1378 2697 706 5459 1247 1362 1477 656 520 1023 5234 972 786 2120 735 1254 1893 863 2240 833 1939 3664 21256 1555 1047 436 1141 2044 452 816 1409 1909 820 
7783200 2294300 63102300 957200 882900 88236200 4818700 1986900 8918800 142216400 2071500 1263100 3246900 3060800 268300 5075600 6630300 3212300 7517800 10038200 2838900 28463500 2022400 1865800 4010600 6001200 4274600 7909000 1237200 3045000 1295300 6240300 7594200 2657700 3173200 1377500 11828600 989300 7599100 1324700 4201400 4845200 1684500 38892400 9385000 11662000 216127200 1972800 15157200 25147900 9317000 57233200 1313300 15020600 88836100 2166800 2795700 4346500 4536200 3170800 5127600 9294900 1342300 11170100 11614500 4282300 2128200 4804600 9974900 2740500 23638400 4686300 4897500 5328400 2235200 1925800 4068500 22299400 3272000 2773200 7673300 2605500 4457100 7039300 3049000 7981500 2946900 7096200 14578800 97910400 6241900 4094100 1411700 4311500 7272900 1663300 2961600 5015600 6997200 2921800 
628 789 390 269 1919 629 1758 470 1592 17685 974 1593 666 121566 625 1055 1299 1174 413 2691 886 1657 1310 568 1995 1011 240 2861 5276 940 751 3728 3299 1070 829 874 3379 638 2380 474 1980 803 408 35997 2126 3489 28332 372 121 1274 1649 331 529 4282 5194 450 2084 676 363 1364 2646 2529 320 205 4461 118 506 785 473 2621 342 1785 157 1788 665 1625 2625 5603 18174 955 3626 2511 209 3835 812 670 788 1817 4215 706 1529 1625 983 1238 2012 2210 1078 2308 672 10180 
2223600 3002500 1348600 953500 7166100 2200000 6984900 1688900 6699700 83644600 3548100 6485500 2339100 706916800 2252300 4397300 4987600 4861400 1405500 11258900 3299100 6930400 5049800 2121700 7706200 3676800 852100 10817000 22118200 3291600 2774400 15548500 12513800 4228800 3045200 3146500 12652300 2134500 9825300 1691500 7315800 2893700 1320400 170229700 7960300 14470200 137644400 1373600 424900 4851100 6504100 1179300 1926600 17254700 23654700 1738300 7995400 2828500 1231500 5058000 10224300 9735000 1121800 772500 16699600 363200 1834300 2992200 1638400 10018700 1178400 6784700 529800 6509800 2181100 6566200 10081600 22459900 85461600 3404800 14496000 9522300 731700 14602600 3111700 2236600 2945700 6909700 16191500 2668200 6131500 6203500 3460800 4737700 7196600 7758100 4206000 9107100 2264700 41748700 
14960 887 20271 546 2672 3956 2935 2621 3892 24229 914 3091 5307 176188 1264 51997 10891 2070 24993 4891 1606 3584 759 1108 5325 5890 2893 7848 3825 1630 1395 4091 2869 884 2730 2228 3499 1026 2504 4681 2192 2064 772 65933 4447 6371 27232 3687 4477 5513 3413 1562 1078 5363 43688 1770 100305 22476 4466 1023 4515 4506 595 11268 11489 2020 1211 2566 25320 3637 14637 3449 6475 2856 837 1868 2290 34326 1170 1766 2278 3033 1317 5393 2316 2761 1052 2033 5084 152856 72839 5250 864 1670 3141 5608 1106 2417 2851 13963 
64932700 2165800 67949900 1702700 8959800 10568900 9162800 8677900 13452500 64640400 2312300 8939800 14807600 1166191100 3553700 446055100 29587200 6071900 102809000 16597400 5435600 9924400 2530100 3580900 16162500 20173700 10690100 21955700 12209700 4622800 3931200 13238700 9197800 2072000 6453900 5566600 10061500 3207300 7366200 17828000 6780200 6912300 2238700 328959400 15606400 24535200 105889800 12971400 15416200 17081800 11318800 3701900 2995000 18674200 164217900 4485500 761090400 115769000 11767600 3164000 15565200 17155900 1650400 48603600 50122800 6704600 3832900 8054600 120379600 12159400 51246100 10736000 25921600 8501900 2354400 4848500 7728100 188608000 3805700 6323000 7668600 9612000 3299200 15196700 5527700 9603000 3011500 6429100 15838500 1222804000 568476700 18510300 2714300 4955600 9791500 16718700 3536400 8220400 8935200 50578100 
4247 1042 31577 484 2286 1681 2630 1889 2973 41055 972 2639 1743 13683 1347 3367 14235 1435 1159 5371 1342 2676 1051 808 3293 3582 2096 4888 4148 1666 1228 3339 4137 1050 1659 1281 6291 576 3181 3157 1920 1657 752 73661 3096 6469 49110 2571 1773 1984 2660 761 665 7543 59422 1824 2802 1223 1624 1739 4140 5024 696 2083 6380 2034 955 2059 1348 3297 449 2744 3524 2435 843 1565 1942 65571 1179 1646 3998 1468 14624 3087 1575 1310 911 3548 4364 7070 2750 4591 1023 2257 2685 2833 943 2403 2295 21492 
87745600 13340900 1112129300 6607000 43142800 27912200 57120400 33500100 50197600 1608306400 13118400 43252700 23161400 393305700 21402200 57308800 375592300 22057800 17626900 107423300 19193000 40491900 11741900 10012000 55496400 65720400 32768200 112482000 80543600 25039400 16907400 57229100 79231900 13544400 22060400 17077500 114123200 7111500 57167100 53348300 26790300 21522300 9511200 2318870200 54225500 97222200 1659093400 41986800 24184500 26483000 43426700 9744800 7656300 128085000 2060078900 24340400 48808300 16056900 25297000 23385400 90155500 93171700 8488400 32966500 152102400 32732200 9568300 38250800 19977500 75478300 5155000 53910700 92046400 44917000 13096300 28526200 33203300 1913671500 19678900 44100000 81756800 23345900 363416100 52060000 22128900 16583600 11684900 52593500 88969700 152679000 50678800 105094600 13385700 37504800 44824800 43726900 11383700 34428300 34150600 541643800 
81650 936 38464 357 1808 53958 2634 2038 2776 68941 586 2521 2062 184585 1429 7597 22827 1193 4428 5178 1119 3997 2056 5057 4507 4346 2687 21192 2259 15499 1088 2056 3827 717 43476 1155 9937 2826 2697 2598 1688 19029 3583 81427 2815 4031 53807 2745 2825 53781 2702 12563 589 4724 22512 31485 19189 865 996 1446 2720 13260 734 1192 9369 2341 656 1926 25118 2773 5837 44257 3075 5944 617 1076 2887 42370 124309 21913 3460 67383 3900 3544 14951 2851 690 2367 3057 4603 18947 2891 769 4369 2283 73135 609 2076 2026 16053 
4715813400 13692700 1661606100 4818900 37152300 2632540600 45755600 30526500 45278100 3145026500 7321800 35771000 29658400 9919116400 19924200 207074500 861918200 15476300 93698900 111084400 14276500 83867000 48966700 115452500 90442200 81098700 42453200 778755200 31806300 517092500 13630000 28350100 71656600 8590400 1968629700 16161000 320930200 65616200 50254200 49042000 28009000 771897300 87996000 3750719200 55078900 78297800 2300583100 44192600 45476600 2722306100 44027400 466619700 8094900 126380100 984021200 1350925500 764794200 11467800 12915600 21694600 55108100 459550500 9385600 18267100 286756500 34009100 7880300 28040000 1056955500 43738400 148286500 2116682300 50567800 146716400 7316800 13392100 49706300 1858711000 6315594500 886129600 56105400 3010965100 75502200 69267200 500022600 51289600 8592300 33350200 51117600 101436400 702393500 53857000 9492100 102843700 39970300 3645160200 7550200 30679900 28971000 530765200 
