Pancakes = 10 gap-x = 3
Algorithms: A* RA* IDD DIBBS GBFHS 
40977 66322 46681 128050 124042 169315 51854 31312 7125 126110 4014 582 11312 137102 34150 26472 1515 41996 2490 128560 67118 10440 158306 126191 6603 19224 31894 49040 31598 5921 5455 981 40774 126482 2906 17413 167528 11407 5849 129189 66645 35822 153224 7289 2989 48163 48157 58690 6534 4988 6399 12311 48995 992 41099 1259 8528 12145 4646 129509 87016 6685 85097 9244 20622 34296 40846 6794 4959 8137 60953 11842 4322 6645 33384 30928 87812 40877 156564 46411 48238 61961 56728 27064 170377 5933 163791 61133 194540 9700 12005 16939 118083 12214 32512 153894 40693 95013 15011 9541 
58510200 93121600 59361000 190383100 178678300 301572200 63840200 38326800 8268000 216317100 4464300 661400 12808800 231031700 41962800 31048700 1612400 51292300 2576700 188866700 91255600 11937800 249289800 179077000 7415800 22200500 36796300 59380500 36586300 6314000 6009600 1069300 49473800 193001000 3434200 20236800 270805000 13273600 6223000 200213400 99691800 44592500 276774100 8260400 3282000 61960200 62590600 84352200 7098800 5484800 6997200 14144900 68560900 1085700 58779000 1446200 11089400 14111700 5323100 238539700 135329400 7862200 127899600 10274500 24378600 43312400 55517800 8083900 5835100 9492900 90975900 14083000 4702600 7474100 42141700 39139300 127128400 51541000 277241200 62706100 62833300 87789900 78105800 32330400 292687300 6431500 276973000 84055800 403663800 12751000 16246600 23462100 234375900 16130200 41700200 261975200 51168500 136094100 16548300 10553700 
8212 11999 3432 12928 14912 25597 17042 7425 1216 11325 768 130 2733 45443 7480 8593 1527 5209 215 13786 12239 1707 48219 31042 2741 1876 20875 5608 13111 495 720 60 6840 11722 511 1812 39065 369 926 15121 10268 33951 52238 839 363 5047 4867 15797 6054 1182 684 3774 5668 404 5682 169 442 1038 1197 10905 19218 924 22455 3431 26066 6719 5817 564 362 604 14215 1831 1807 1211 7968 795 16220 5613 42193 4122 5009 16280 25480 7550 28926 4922 37422 14320 75500 2947 3244 14725 17082 7128 7765 46502 6306 17903 2687 3155 
9553900 13772800 3771700 14449300 17784600 32025400 20478700 8366600 1291300 13110600 819500 185600 2931600 57021200 8781200 10066800 1654600 5836200 290600 16637800 14113200 1828000 65085900 39147300 2962900 2099000 24960000 6278900 15679300 585400 821700 85200 8073200 14340200 589600 2097400 54971000 450400 1057800 18890200 12498900 46261300 72539200 964400 445400 5788100 5720900 20247700 6868600 1347400 731600 4232100 6435800 529900 6367100 255900 474100 1163200 1319400 13349500 23500900 1052900 28051800 3943600 35072600 8063200 6695700 697000 440100 676100 17401500 2083000 2009500 1367300 9289800 899800 19606200 6396000 54719000 4556800 5667600 19574200 31436600 8837700 36341900 5691500 52150200 16573200 103222200 3271900 3661800 17605000 20358200 8182100 8711300 57730100 7306500 21515000 2994400 3623700 
2930 5594 1573 11386 9060 5531 1743 986 662 3502 206 31 486 4143 1225 450 87 1629 139 4551 3084 147 3634 9341 652 1996 2352 1765 932 191 208 41 2268 9016 256 419 6666 308 460 9567 2678 1192 3263 720 109 1513 3437 1522 664 514 628 624 7142 65 2062 56 142 499 241 12473 1757 714 4530 220 1714 1073 2133 469 259 171 1372 960 153 266 1060 1102 4258 2540 3215 3746 3981 1611 1271 869 6940 235 6470 1982 4769 231 516 1322 1753 527 923 3509 747 2662 983 213 
2288000 3742800 935300 8463700 6769400 3058800 1053500 590600 447500 2065300 157400 20700 331100 2535600 798400 300000 61400 1153500 88500 2677200 1736500 96500 2235500 6700500 519300 1451500 1683900 1130100 595000 115200 136700 24300 1656600 6497700 252000 298500 3882500 285500 320000 7329500 1446200 765500 1943700 469600 68100 867400 2434700 887300 443700 347000 489100 390200 4414800 45600 1496300 49700 85100 325600 135600 8118900 1092500 620300 2382100 138200 1275100 655500 1457600 366700 147600 107600 803700 701600 101600 158600 660000 730100 3205700 1770400 1944600 2639100 3112100 1047300 848600 608400 4312800 152600 3930600 1201500 2585000 142300 309600 1102100 1107800 336400 574300 2145600 445800 1713100 656800 128300 
501 950 639 4803 3447 1996 710 421 319 1359 119 18 174 1549 498 283 85 356 62 1544 1070 101 1474 4021 115 980 1243 646 406 89 97 18 710 3908 144 191 2242 215 98 4203 1029 500 1376 420 51 586 1798 639 302 267 377 226 2278 38 745 36 68 206 100 1852 780 416 1621 129 842 457 480 304 107 85 589 160 84 109 431 455 755 1230 1337 1892 1385 680 625 523 2317 107 2199 631 1999 128 219 729 766 220 402 1458 343 1032 310 135 
1960400 3167300 2198000 15834300 11603700 6711100 2428100 1462900 1143400 4444000 426000 70000 628700 5100700 1747000 1009000 304900 1226700 240500 5008500 3568300 359500 4813200 13332700 454200 3342300 4141900 2190000 1437100 393100 328900 64600 2479800 12868800 533000 674400 7571100 797400 370700 14507600 3516600 2017500 5305300 1692000 216600 2268900 6919500 2494500 1175300 977500 1442000 932600 8786400 172800 3071700 181600 382200 1179400 530600 7280100 3002900 1681500 6320700 550800 3160700 1813900 1911500 1167700 454400 337500 2260300 621600 331700 413900 1449300 1598000 2568600 4052700 4962400 6504100 5075400 2736100 2474600 2073900 9003700 512200 8365300 2553900 7724400 543800 900800 2986300 3007500 887500 1594600 5801500 1460600 3939000 1241000 514800 
2544 4469 2222 13831 14105 24516 4317 2613 2088 24861 977 131 2178 19072 2602 2864 426 2440 1295 13978 4131 2067 22092 14010 1008 2108 2617 2189 2585 1007 1006 72 20068 14606 331 6970 23843 1025 375 14754 18686 2548 21812 346 362 2350 21686 4544 1467 362 1005 4104 17162 285 19340 264 1072 2215 365 25676 13492 1008 6773 1902 2715 13838 18153 2486 442 2441 4445 10510 360 321 2744 2630 12357 12503 21888 23331 20106 4304 10687 4582 23572 1873 22900 4441 18534 1804 1928 12796 13962 1950 2556 21634 2497 13129 4232 1910 
9671400 17210300 8285400 61207400 64028800 125214700 16935600 9530700 7623800 121066000 3701300 538900 8503100 89548300 9996000 11872600 1640900 9256600 4901100 62265900 15390700 7726400 114651300 62402700 3690900 7563100 9552200 7749200 9077300 3645200 3482200 276600 97356300 69985500 2153800 28846400 141473300 4014200 1311300 71527300 82809500 9147100 114386100 1296100 1234800 8659100 123026200 20399800 5871900 1407300 3483700 15761100 92743300 1117500 104382800 1032500 4017900 8428700 1276500 129960900 62835700 3806100 26529200 8152500 11644700 59699400 91956500 9955300 1723000 8899000 16529600 44223300 1399500 1128600 9967200 9247000 52888100 52757400 100256700 110168300 88901900 16568500 42363400 15056400 119511900 6952400 113150300 16647400 84609700 7563800 7242600 60243800 60636200 7015400 8854100 99132800 9358600 56312100 15688300 7104100 
