Pancakes = 10 gap-x = 2
Algorithms: A* RA* IDD DIBBS GBFHS 
3684 9142 5177 14792 13807 24376 5389 2075 592 13680 728 83 1895 27512 5090 2073 769 8556 114 28407 10635 1671 25454 13080 2164 3913 5343 5178 9955 1868 770 155 3444 13700 112 349 25118 2238 918 13329 10319 6037 23025 795 130 4731 5090 8954 865 367 761 2060 4908 111 4453 189 1609 2306 865 13136 13560 178 15775 1010 5609 2233 3747 867 930 1343 8229 1216 758 1652 2644 5884 6146 3851 22350 5012 4974 9209 14534 3518 25946 764 27425 8898 39288 2075 962 1765 10850 2045 4580 25043 8630 29172 1949 1614 
4381300 11293600 5718900 17187200 15865900 31156200 6010000 2400600 664800 15173800 777000 107700 2028400 33059700 5688300 2365700 863100 9727100 149200 34294300 12380700 1851400 31464500 14693600 2464800 4251500 6015900 5790100 11174300 2135700 871300 191600 3797700 15551100 163400 389600 30693000 2536900 1065900 15363400 12004200 6606800 26832100 877700 170400 5244900 5711400 10073700 1003700 422800 839500 2325100 5229500 184400 4863900 255900 1709400 2534100 939100 14919500 15158600 220800 18342600 1125300 6135100 2505300 3985800 981400 1025200 1487100 9271500 1380500 861800 1748500 2852000 6175300 6662400 4032100 25207800 5272200 5654000 10137400 16260100 3785000 30756200 837000 33398900 10107700 52503300 2349000 1057900 1918400 12493800 2269100 4888200 30641600 9564900 35167000 2177500 1726600 
1042 2457 676 4798 1544 4313 3461 960 272 1112 472 108 435 5821 818 831 751 2907 21 6748 2546 659 6452 3246 891 920 1460 684 2895 319 36 41 709 1429 42 186 6031 303 122 1589 2355 5027 10958 125 35 589 679 2648 726 375 31 338 670 38 606 219 321 524 162 1355 1332 44 5160 482 999 747 973 34 237 392 3067 96 269 674 1103 523 1894 832 8351 600 737 3204 1458 1380 4910 400 7440 1970 14804 243 640 623 1974 298 782 10393 2854 6707 305 347 
1216400 2734500 776500 5544600 1777300 4946100 3876600 1125400 334400 1235900 548000 141200 491600 6727300 1002900 1018700 901200 3512600 34900 8176200 2821000 786200 7711900 3606700 1056000 1074000 1594000 775900 3326900 404700 47300 43500 789800 1639400 68700 199600 6710000 422000 149400 1724300 2634800 5771200 13031400 167500 44900 678200 811800 3027800 843400 430000 47800 368700 764600 60400 694900 253000 357700 586100 249500 1562600 1536000 69400 5752100 597600 1128300 842800 1136000 54700 301700 446000 3314400 155600 289400 767800 1252200 589500 2184100 981600 9701800 684100 843600 3476800 1664800 1532500 5729900 523800 8709400 2253700 17289700 306500 743600 740400 2281000 363800 846300 12380200 3234000 8275600 364000 390700 
204 672 839 3415 2093 3755 422 189 57 779 206 19 217 2050 506 424 87 364 73 2054 769 503 1546 2091 652 975 791 364 932 191 347 41 93 2370 67 254 1408 517 66 817 2064 436 1059 158 62 308 384 766 262 101 237 232 416 46 363 29 132 243 154 2959 642 120 1662 204 1343 361 695 252 119 171 671 179 114 138 227 1242 357 158 715 1091 387 871 900 721 4160 50 2288 637 3294 171 85 434 662 129 308 946 348 2662 215 82 
187600 399900 676500 3170400 1849900 2881700 291500 125500 37500 500300 156400 16100 133600 1326400 351700 382200 64200 238800 63300 1337500 487700 494300 949300 1682000 550300 698500 661600 245300 606700 117800 255100 26800 54200 1941800 55800 203900 837400 449500 44400 534400 1661800 310700 788700 102300 51800 175100 250200 496600 214400 73300 204200 150600 278900 42300 227200 22500 92000 155800 96000 1950400 404200 97800 1002600 180800 1108200 285300 552300 224400 71500 116000 460700 150200 95600 86800 173200 1029500 234500 103800 496300 943400 278100 661100 589600 521600 3184700 46000 1535000 397800 2123100 113400 56400 368800 502700 109900 189500 652100 218500 1807800 141800 53900 
93 327 468 1852 365 1982 276 104 44 361 119 13 98 840 215 290 85 228 49 875 368 337 707 1212 115 585 187 169 406 89 193 18 61 1326 42 158 660 353 46 371 1091 200 720 41 43 146 171 340 154 67 173 110 185 30 158 16 39 109 44 601 311 90 684 58 636 223 147 191 51 96 309 174 73 74 119 432 177 94 526 624 176 294 401 474 2169 30 901 283 1376 79 41 283 456 94 148 665 233 1032 74 44 
391300 1238300 1710900 6383100 1277100 6722600 1025400 380000 174600 1317400 456000 51900 381000 2900400 795300 1035300 315300 861300 182700 2950500 1321300 1194000 2528000 4117100 451100 2083300 698600 671600 1465800 352800 722500 69800 234700 4504500 180600 576900 2325100 1315800 193500 1355800 3762200 736300 2668400 265600 159200 528800 614700 1215200 561800 259200 631500 427900 677000 118100 599800 64900 141800 420400 178000 2150600 1131900 349400 2435100 229800 2206500 818700 564900 706600 198900 369300 1133200 695500 275800 271300 431900 1555200 645700 350300 1844700 2192400 644900 1075300 1402600 1645900 7375200 129500 3075500 1045200 4724300 298400 148900 1023700 1604700 359500 543600 2371800 855100 3508600 291300 152100 
1290 1987 1350 4252 4326 8431 1834 1008 217 4227 481 78 699 5517 1429 979 325 1907 71 4243 1898 3748 8187 4443 705 1483 1387 1321 1870 700 445 33 1260 4340 80 254 8613 672 234 4279 10742 1426 7554 223 85 1378 1354 1846 483 201 449 732 6701 76 1209 243 681 1928 242 4305 4468 148 3050 456 1394 1031 6623 481 238 1901 1991 547 219 310 1067 1365 2857 1308 7723 1348 1338 1990 4252 1440 3123 1191 8205 8436 13028 649 504 3878 3949 667 1381 7540 1933 8055 658 586 
4722900 7417800 4890300 16112200 16172600 34675100 6747100 3742300 824100 15754500 1843500 330300 2595200 20989800 5269200 3550000 1230700 7111200 270400 16013400 7214100 14557700 31115500 16488500 2539500 5482200 5005900 4829200 6867900 2506600 1621100 135600 4569200 16170900 336500 939600 33544400 2396800 884600 16311800 41516400 5166500 29558500 856900 303300 4905600 4882000 6625900 1757500 761800 1540800 2581900 25397300 302400 4342900 915400 2418200 7309100 949400 15868400 16569700 562700 11277300 1652400 4867000 3898000 24472100 1693000 832600 6856200 7292200 1973900 843500 1164200 3850800 4880400 10682100 4728500 29694000 4864000 4851300 7152100 15929400 5206300 11475500 4238500 30873800 34448600 51477000 2308700 1716600 14144600 14902800 2353400 4866500 27604300 7017500 31511100 2304800 2047100 
