Pancakes = 10 gap-x = 1
Algorithms: A* RA* IDD DIBBS GBFHS 
84 521 218 441 432 1210 604 155 33 486 81 14 288 1575 660 161 121 509 14 1754 810 175 1854 340 382 248 180 198 560 302 78 11 116 361 10 16 1247 89 159 369 721 201 1521 52 14 189 190 662 47 37 81 304 173 70 170 26 48 82 147 368 1367 15 1546 150 723 177 83 96 48 43 615 90 45 161 218 223 460 96 1101 167 215 646 1785 220 1541 91 1728 644 3914 124 112 172 292 80 613 1722 504 1764 122 265 
171600 611000 264500 482700 507900 1364400 770900 207900 46500 559200 127700 21700 303000 1771700 827500 207700 151600 589000 35100 2033800 954400 230500 2183100 438900 484200 321700 234800 227200 674400 377900 111900 18100 143400 448800 27600 23500 1495500 133200 228700 441800 829300 251000 1715600 83900 20200 217400 239500 773100 65200 45800 97900 378200 220900 97400 212300 32900 59600 106900 165000 440900 1621000 51900 1762900 193200 822300 217000 101700 117800 58900 52700 724800 114500 56500 179100 255800 272900 565400 135800 1331500 235800 258800 757600 1969000 278800 1764500 139600 1945300 764900 4377100 217000 133900 208300 342900 107700 717100 1825700 555600 1891600 164200 297400 
82 359 77 239 127 585 318 81 45 116 55 15 239 697 385 52 80 459 11 829 440 410 844 190 395 153 167 94 380 172 34 31 254 116 15 167 807 38 84 1876 350 680 1001 27 41 77 822 391 33 32 31 180 121 38 277 21 46 142 91 150 744 50 909 59 587 450 94 34 140 60 350 96 54 123 77 62 121 79 1260 78 89 571 831 155 686 183 880 295 2273 27 76 414 137 59 371 1671 520 790 92 192 
117500 416900 109400 296400 164200 700700 389700 117200 61800 141300 67800 22800 291800 870100 545100 115800 100700 573800 63000 1048800 573300 495400 1025900 233800 455400 195500 199400 119800 433700 199300 36700 34000 299400 147500 24200 198400 957300 59300 101800 2207100 452400 797200 1191200 54400 51200 108100 962200 475600 53000 41600 41700 226700 147400 48800 322700 25200 73300 179900 108600 183300 829500 79900 1027800 98500 702100 548300 130500 48200 167300 76000 393700 132500 72200 158400 101800 79000 145600 104600 1478400 139700 114200 688800 1014200 206800 782500 234000 973100 361400 2542100 34500 119100 493800 176100 72700 440500 1833500 625500 895700 115200 225400 
106 331 214 397 314 750 251 151 48 346 87 27 212 767 159 147 88 63 26 256 145 140 250 356 362 145 215 34 273 84 125 13 137 405 22 32 159 105 111 36 332 174 327 50 30 35 37 155 85 41 99 80 316 46 192 32 65 80 99 405 569 30 356 145 511 151 102 97 22 60 687 109 60 85 187 147 335 118 87 123 29 72 230 84 746 22 307 165 784 117 81 176 348 23 127 151 64 283 88 61 
98300 269300 176100 371500 308500 599300 202100 138400 38000 315300 81500 20500 148900 602500 106900 121600 62800 55300 18900 167500 97400 125200 161200 277900 301100 104200 171100 31500 198300 49400 89400 11200 123700 349400 19800 26500 98000 82100 72700 30600 268500 154200 206400 34000 28300 30100 31600 102300 61500 26900 72100 46800 231000 45400 159000 26300 50600 68500 59900 353200 473600 22800 210400 138300 418500 135600 83500 73600 17000 51700 556500 92000 53500 59100 179600 357500 630900 95700 69300 102700 21200 55100 150300 51300 650900 18500 214700 105600 480800 103300 73400 141800 309200 18300 80400 132600 52500 180200 76000 39700 
81 131 141 280 288 502 105 116 37 240 63 15 134 115 86 121 40 70 66 141 81 99 127 208 51 50 132 18 126 42 82 5 104 327 68 261 115 80 48 17 90 98 178 35 82 19 20 87 38 25 71 42 155 30 116 17 53 57 30 288 396 169 195 87 283 119 84 75 10 45 476 89 48 34 137 122 265 97 128 92 13 87 129 38 488 8 165 95 415 84 57 105 289 9 69 220 73 149 73 43 
341300 526500 545000 1050800 1038100 1795000 423200 468100 153900 897300 251200 56400 519000 459000 336900 471300 167500 279500 255600 544100 322900 392600 478800 770500 204700 194300 497100 73600 488500 170800 308500 18800 399300 1176400 256300 954100 434700 305900 196100 66800 350300 400400 672200 139600 295200 76600 79300 345200 148600 96700 276100 167600 587800 118400 451900 75000 224500 234100 119200 1053100 1467300 649200 778400 343000 1020500 458700 335700 290400 40000 174700 1693400 356200 191700 136800 517000 478600 954700 395600 492900 381300 55900 355500 488600 154500 1768900 33100 615300 371500 1544000 348400 235000 423400 1073300 37000 272900 846500 300400 596500 295900 179600 
116 493 168 356 388 1062 473 143 50 379 81 19 261 1176 502 149 101 460 74 1265 574 1025 1338 292 300 240 165 162 491 266 83 16 112 323 88 303 1136 90 111 2607 529 1257 1174 45 93 162 1247 474 65 50 82 237 139 61 153 28 62 85 110 325 1151 146 1012 122 545 1180 119 101 266 58 480 122 54 121 169 155 373 124 1034 154 175 531 1326 229 1130 441 1283 493 2818 101 105 1085 274 81 463 1342 480 1290 113 237 
503000 1872900 662800 1311500 1435800 3962000 1814900 570800 215500 1436800 323900 77600 1028900 4426100 1901800 573800 406800 1742200 297400 4718500 2156900 3828700 4998600 1102900 1161400 950400 638200 642300 1872900 1013400 327600 79000 451100 1193300 366900 1176400 4250600 378300 449400 10058000 1986900 4900700 4372400 183400 361900 632100 4711600 1795300 258000 201300 323700 920600 556300 246500 596900 109800 246600 346500 442200 1233200 4290000 575400 3797100 487600 2035900 4382100 462000 420500 1020800 244100 1834200 483900 230500 478100 648000 610400 1356200 485500 3956500 618900 675200 1987100 4910000 871400 4215800 1666100 4739400 1863300 10506500 437500 431500 4000100 1047300 315600 1724100 4893700 1809000 4718500 452200 918200 
