Pancakes = 20 gap-x = 0
Algorithms: A* RA* IDD DIBBS GBFHS 
362 239 47 383 52 28 284 81 70 204 123 195 84 208 4491 2326 108 154 3636 147 44 306 278 85 74 68 149 97 116 137 241 107 482 99 240 2707 255 51 289 82 143 204 197 137 49 76 50 1322 101 54 322 121 334 27 162 163 70 98 150 126 232 467 122 3071 261 191 73 459 99 1362 185 2186 133 102 243 98 344 210 265 171 48 51 234 42 56 61 32 635 229 116 217 648 123 969 354 155 58 201 159 241 
903900 528100 133300 695300 137400 70400 513100 187300 154200 388300 258800 387400 181600 389600 10275300 5034900 262900 358400 7719000 295900 107000 567200 543400 175600 153800 142200 298400 215300 225200 258100 476400 242800 1018000 246300 472900 6595100 562800 130000 600900 201600 330500 435800 424000 291000 120000 171800 111600 2952600 246300 125400 771900 280200 772000 75500 354700 370300 172300 224000 344400 293700 527300 980400 276100 6730300 550200 407600 171400 960200 247600 2940100 401900 4759900 283800 254100 541000 233800 751000 444000 565500 386200 115700 117800 510000 113800 124000 129800 75300 1283800 500300 248000 435600 1274500 255300 1951900 728600 357100 126700 441500 351900 521300 
173 127 114 174 26 66 265 229 39 116 81 194 88 418 626 3447 139 443 100 53 55 75 425 831 163 151 113 188 1158 600 294 19 270 33 290 5015 380 27 245 103 95 111 382 130 208 80 2948 1233 71 107 418 70 152 44 215 258 166 256 219 82 80 4904 177 3015 464 168 201 473 48 1341 105 558 76 112 63 20 1751 389 163 135 120 56 373 90 53 94 52 210 161 134 210 443 283 3571 348 179 87 287 175 286 
417700 275700 264300 384200 70500 159100 554400 477800 94000 251800 181000 397800 199700 872800 1338100 7741900 290500 929700 251600 128600 105500 162100 841600 1884100 429900 363500 274200 463600 3070100 1192900 615700 58700 557300 94000 617800 11253600 894200 71500 499500 243500 230700 255200 789000 300300 454500 189000 6551300 2710800 180400 231700 870400 172900 300400 117600 460200 556400 356100 532400 474000 192900 168300 11022800 357400 6763300 973900 351100 404600 1007400 131300 2810900 255800 1156100 189900 232300 149900 47000 4053500 777500 373300 280400 254800 133700 761800 215600 116100 203200 124600 410100 357900 294000 435500 872700 579800 7907100 726200 391100 190300 550600 365000 596600 
251 7060 313 208 92 1026 397 322 256 6034 3774 517 178 338 3857 2432 1177 555 443 205 850 397 843 1911 606 137 524 646 298 183 1379 238 776 510 370 3180 310 369 376 539 368 1027 8344 1122 198 1298 146 1325 144 241 381 375 479 353 686 461 310 286 1329 329 397 3905 310 2787 1329 603 384 819 288 1495 247 5526 580 447 496 319 1340 504 337 260 207 124 566 661 305 165 127 945 619 965 1396 1204 2498 1177 546 453 407 840 324 405 
485000 14635700 511200 355400 164600 2048800 801100 617300 494400 11162600 7733100 726700 298600 542900 6434900 3610200 1946900 1072900 651300 328400 1831700 788400 1729100 3217200 1131600 242300 679900 1153300 354800 312300 2334700 465200 1669300 1039700 685600 4988500 690700 742300 624900 878600 745400 1621300 16578000 2418800 377500 2954600 202600 2074600 201100 407000 654400 535300 972000 762600 1071000 961400 546300 491000 2384400 500200 718100 8521100 672800 4971600 2531300 909800 887500 1886200 587500 2947200 513400 11924900 828800 754000 1056300 570900 2605000 963900 620200 462200 322200 179900 1086900 1504000 546700 260800 246400 1393200 1218400 1584500 2306200 2191900 5356700 1438000 1299800 1039500 1015900 1495500 687500 892700 
194 426 272 270 44 134 314 259 173 1491 169 370 150 349 4641 3880 251 400 180 121 474 238 478 1008 272 119 235 296 1945 224 1802 145 424 281 450 4636 466 185 324 186 259 314 353 554 187 383 89 2166 145 137 609 203 248 292 275 403 181 170 3329 99 246 4206 193 3756 1366 359 286 903 136 2389 253 5801 256 426 246 293 1425 390 259 175 135 129 404 304 176 111 59 1041 586 237 543 1517 509 1667 663 298 223 335 305 291 
1741500 3494800 2423800 2342600 400200 1203000 2654500 2268500 1661300 11649600 1461000 3097400 1485900 2928400 56044600 43578400 2413700 3730100 1770100 1103400 3790000 1958100 4414100 10122800 2273700 915100 1938100 2491800 17926500 1631600 15619400 1515300 3984900 2675100 3471100 50977900 3771700 1711500 2729100 1846400 2521200 2893000 3267700 5214400 1769100 3636500 846700 20346900 1463900 1269800 4826200 1912000 2424000 2760000 2581000 3835700 2222700 1415700 29004700 1058600 2439500 39940900 1710700 39236300 14633700 3375100 2728200 8054400 1287500 21524000 2433300 58243200 2324100 3830300 2409500 2909000 12551100 3578300 2406300 1661900 1244800 1220200 3744800 2895100 1702300 1020000 572400 10342900 4921000 2090100 4789800 13631000 4244900 16057600 5392500 1858900 1883800 2851800 2102000 2623600 
206 3017 127 206 49 179 237 196 108 1010 1340 636 147 392 4461 4248 867 291 4433 132 382 302 448 1863 2846 110 215 2362 5717 163 2791 196 337 265 331 5726 1016 283 293 1367 295 1461 1832 3347 129 250 4152 2069 122 106 428 4990 306 390 727 343 171 828 4029 137 304 5671 165 5679 2714 375 293 1019 153 2039 318 1245 670 160 307 305 5786 3421 272 145 118 170 380 306 247 110 49 588 1255 544 1130 1274 1275 3173 701 181 230 317 203 253 
2199000 43273200 1247100 1935900 444200 1774300 2179300 1930100 1078600 10564300 16697800 6172700 1338900 3286600 63705500 50779500 7981300 2583800 55485000 1141200 3244800 2477300 3721300 16610100 28334100 944700 1845000 26783200 80180500 1395400 31415700 1937000 2851400 2190400 2744700 70684600 10139000 2504600 2884400 14350800 2781900 15597100 19420200 39054000 1221900 2291100 49928100 20325700 1036000 907100 3883300 74236400 2530300 3065100 6390100 2869800 1481600 7085100 45077200 1190700 2486900 71377600 1421500 67235100 24605800 3261600 2540400 8997600 1276500 19440000 2691600 11681900 6172700 1378500 2554400 2444300 77931600 36646000 2310000 1174200 943500 1313800 3028900 2440300 1748200 793400 354900 4760900 11910800 4552500 10786900 10971300 11431700 36186600 6153800 1460500 1841700 2661800 1586700 1918800 
