Pancakes = 16 gap-x = 0
Algorithms: A* RA* IDD DIBBS GBFHS 
50 57 125 45 215 44 14 224 16 176 22 52 315 39 30 40 83 18 38 18 547 45 93 17 36 17 65 68 63 42 15 76 19 29 17 96 25 47 40 237 77 268 928 17 20 158 57 145 78 77 121 14 112 255 852 754 76 15 102 126 33 56 51 153 25 55 29 143 61 863 61 67 1651 47 191 114 98 53 75 91 59 56 75 27 35 51 54 37 96 15 59 29 132 78 15 29 162 72 47 34 
145900 99200 208900 83500 320600 78700 27500 358400 40000 299400 44700 90900 507300 74400 52200 65500 130200 40700 63500 46400 911600 93300 141600 38000 57600 32100 99200 106500 103000 67900 25500 108800 37900 49600 31600 151700 53100 77600 65300 353800 128000 435100 1438100 59700 38000 286800 130600 272100 159400 152000 212300 34800 204900 437100 1467000 1265100 155700 28600 189100 231400 55500 113900 105200 362400 56200 120500 56400 258400 118700 1471000 132200 127000 2752900 117500 351900 207400 176500 93300 129400 138200 114400 102800 130400 47200 55300 83700 87200 65600 145000 33400 98800 52100 202000 140500 27200 45600 239300 128000 77900 56400 
54 146 96 29 50 66 18 69 25 78 88 78 622 65 34 27 143 80 120 232 1361 17 120 154 121 33 61 103 33 69 13 74 373 103 22 123 135 77 832 57 102 49 1165 41 14 61 54 70 71 98 84 15 88 199 396 127 76 126 35 28 65 196 29 400 32 117 127 73 55 740 67 47 49 25 25 233 56 196 58 253 27 52 34 26 182 40 14 63 121 30 304 22 99 81 66 39 223 117 14 524 
104100 241300 164100 58800 82400 121000 35000 126500 45900 137900 163500 149500 1039400 144300 60200 49000 248500 155900 183500 398700 2204000 67300 197100 263200 205300 63300 119500 180100 56300 128200 29700 136900 629900 198100 46000 215900 234700 153600 1455000 141300 179200 96800 2007000 104600 26600 107000 94300 129400 137700 164800 151800 30900 154800 342400 642100 221500 155600 232900 67800 50200 126800 352200 64800 659900 75000 201300 242800 144700 102100 1184300 142700 83300 86300 45300 44700 378200 120400 333900 119400 403300 55500 89300 57200 46000 297800 83000 25000 106500 193000 62000 512300 60400 160100 147000 124100 70800 375300 203100 30800 835400 
129 289 334 106 365 151 40 166 46 347 168 96 501 159 324 143 208 177 159 900 910 110 191 126 572 128 158 857 330 113 73 107 363 161 87 3720 62 100 1140 793 617 310 1039 161 76 1011 96 214 392 151 535 88 276 482 845 907 335 136 266 1103 135 261 79 213 116 343 312 3048 184 813 216 207 2937 760 450 193 157 328 235 341 161 102 472 141 1099 92 121 163 393 118 310 69 192 261 163 197 250 116 86 2032 
228100 392100 428700 99600 500000 145900 49400 228400 52500 362800 232300 131100 596300 221800 523800 147300 280800 289600 186400 1185800 1133000 148600 260900 178500 677700 138400 177100 1154800 381100 150300 93200 141600 513300 207600 109100 5758000 73400 135100 1365300 1200900 815500 408700 1197900 234500 100400 1138400 124300 281600 508400 208600 655900 91200 350200 742700 1129500 1144200 542300 199600 278600 1799000 203400 354400 96700 295300 183800 503300 487200 5016100 266500 899400 318700 214100 4120300 1003300 530200 252700 230400 332700 341400 365300 198700 121100 507600 199900 1560400 113600 149800 234400 459600 160900 355600 89600 252200 309900 244100 268200 383000 127300 89500 3362900 
76 208 159 47 342 313 15 132 19 150 143 80 511 103 224 59 152 91 136 151 1186 63 86 101 595 44 111 311 184 68 44 72 412 88 38 206 49 59 144 177 207 161 1568 104 40 780 59 157 160 111 736 37 158 370 652 1074 178 98 157 281 108 168 30 174 45 189 133 231 121 1212 152 120 255 513 647 172 84 458 118 444 39 82 162 89 436 54 67 95 207 68 144 25 174 110 114 116 153 73 61 85 
494300 1253700 881200 281200 2196600 1922500 100600 677900 124800 903600 884700 507100 3072200 645900 1370300 373900 940700 568800 834500 927700 7460500 401000 531800 625500 2827600 268400 632100 1884000 1138300 420200 267600 427800 2544900 552500 228700 1318200 321700 363300 820300 1079800 1284800 1029800 9034600 643700 248700 4892300 378000 941100 1021300 676900 3928400 254000 903700 1850400 3929600 6758900 1161800 655500 951200 1598500 694900 1056700 194400 1062800 285500 1172100 827000 1400700 736800 6906100 956800 734700 1530700 2479400 3800500 1054800 540100 1812000 719700 2689500 252400 477800 1004000 548600 2741600 331800 414500 603000 1265100 431300 896500 169200 932800 671800 694100 726800 945700 467100 373200 540400 
62 191 146 287 220 823 12 99 16 95 112 68 653 95 169 163 146 82 321 745 1730 89 90 63 32 209 97 293 171 55 51 52 390 750 50 465 29 41 1685 200 466 453 1606 88 38 178 47 149 725 91 176 25 225 288 941 1173 166 72 195 550 90 124 43 467 50 243 138 668 144 1250 123 707 2909 133 82 174 113 483 122 471 34 436 121 92 727 44 101 90 1068 81 1103 27 155 100 104 147 119 1664 64 1454 
404600 1248200 903100 1838000 1357000 5369900 96700 619800 104600 616100 698800 427700 4036300 593400 1326800 1020200 903400 522200 1976600 4657100 11545200 567600 544200 398700 212300 1304400 608000 1935000 1101600 362600 323200 343900 2494300 4783600 324800 2989300 192400 268100 10789300 1403100 2988800 2870000 10466400 599500 245300 1088900 297300 907500 4771700 587500 1071900 168100 1412600 1741500 5879500 7498500 991200 449500 1254600 3524400 538900 734100 260500 2980600 311900 1468700 851400 4283400 869600 8157300 782500 4572500 20372000 833600 531100 1069900 728700 2948900 747200 2886300 228800 2776000 758400 561700 4651100 282600 597700 548400 6926800 502000 6944600 177200 945500 646200 659100 900100 741500 11040400 412700 9359200 
