Pancakes = 10 gap-x = 0
Algorithms: A* RA* IDD DIBBS GBFHS 
14 9 9 10 24 83 57 31 8 26 10 7 39 32 10 80 25 52 11 32 25 21 26 38 12 9 13 9 10 20 8 5 15 40 10 12 81 14 9 27 123 21 24 10 7 9 11 12 11 30 17 58 13 7 17 7 8 8 9 28 10 8 43 25 17 16 11 12 12 10 111 12 10 8 17 16 28 17 35 11 12 134 74 42 27 15 23 73 136 25 13 25 53 14 11 27 13 33 18 8 
41500 11400 10800 11400 23500 102800 56200 30100 9300 24900 11000 7600 40400 30000 25900 86200 23100 50600 11700 29800 23100 20400 24400 37700 16100 9700 14000 9800 10600 19100 8700 5700 14900 38600 10900 12000 137800 14400 9600 25200 161400 32300 25700 12600 9400 11300 12600 14300 11700 29400 19100 67800 14400 8700 20000 10000 9300 10300 11900 29500 11200 8900 46600 25900 16700 15700 12000 12100 12000 10600 125600 15000 11000 9300 17600 15500 28800 19700 38700 14400 12200 156200 88200 45000 27200 15100 26800 81800 155600 27100 13600 23600 60600 17000 11700 25000 12900 31500 17900 8600 
11 19 9 32 30 49 69 35 7 42 9 7 14 28 13 111 23 24 7 100 22 13 11 32 17 27 25 16 16 13 11 6 29 20 8 17 37 17 7 43 21 44 37 7 7 19 9 10 9 10 8 12 21 7 9 9 9 18 13 27 31 11 97 8 31 59 9 16 8 12 9 9 7 13 11 14 12 13 26 28 12 48 15 15 47 9 22 36 137 9 13 13 27 11 23 17 10 28 9 10 
13100 22600 10500 33600 31300 58600 91000 41000 8600 44400 16800 11200 17500 29100 13900 136000 27700 23900 8000 111600 28000 13800 12400 34400 17000 26700 24600 16800 16600 14100 12100 7100 28700 20200 9100 17600 38700 19500 8300 45600 21400 44600 38900 8600 10100 19500 10200 10900 11500 10900 9300 12600 21300 8400 10200 10200 10200 18600 13500 27200 31500 12100 109800 9900 37100 68300 12900 18200 9100 12900 10100 10200 7900 13600 14300 15500 12500 13300 27400 27800 12800 54500 19200 17500 58400 13000 26300 37500 154200 11400 15900 14600 29100 12000 22700 18100 10900 27500 10200 11100 
53 65 54 83 77 218 89 122 24 72 44 27 39 110 91 120 40 92 31 96 234 41 78 64 64 52 41 64 50 90 26 17 42 62 26 37 88 32 51 76 64 51 47 26 38 51 50 125 30 30 35 38 46 83 45 31 28 31 21 64 52 33 110 45 83 39 33 30 30 28 138 35 26 46 69 58 89 37 155 40 58 111 64 32 89 33 84 168 165 55 27 45 75 37 135 55 29 54 43 53 
58500 49600 51200 65800 63500 170700 68600 111900 15700 60500 27100 17500 23100 81600 70900 94700 25000 104400 22800 65700 212200 34900 46700 55100 43000 33800 39800 52000 38400 65300 16500 11100 32500 54800 23300 28600 70400 22900 40800 68300 42200 40000 28300 19700 29300 35300 41900 105300 18000 18300 25200 21200 37100 69900 30600 21200 17100 22600 12700 46500 39700 20600 76100 34200 51800 23800 23600 20400 18900 18300 115300 25200 16400 32500 41500 53600 54800 27300 143800 29800 55100 90700 37300 19200 68100 24000 59600 125900 115200 47400 16600 32900 62300 27000 113400 43100 17400 39500 32300 33700 
15 19 25 37 31 112 93 89 9 39 21 15 16 49 20 122 30 67 8 34 40 17 32 32 18 10 15 30 26 51 9 5 19 36 8 14 39 15 16 29 31 25 40 10 10 30 16 17 12 13 17 16 19 41 28 10 11 15 7 34 34 12 54 24 22 22 14 15 8 10 63 17 13 17 24 25 37 14 48 18 24 81 25 21 36 14 42 140 212 15 14 26 43 16 22 32 14 48 15 17 
67700 65400 96000 153900 122500 452000 311000 312500 30900 159500 97400 55000 63700 196600 81000 416400 114900 275100 29700 132100 158100 60200 135500 130500 67600 41100 52100 112500 95100 188300 29500 16200 73700 145100 25300 44000 141200 46500 55400 113900 119300 96700 147000 36800 29900 157400 62600 71100 37000 42100 59300 54200 72800 164800 125300 32000 34000 53100 22800 133900 127700 37200 212100 85400 84300 78100 50000 50700 24000 34300 260900 59200 42600 55500 92500 101500 144500 47800 189300 68800 106800 322900 101500 78800 138100 46000 164000 554600 716700 54000 45800 96100 159800 55300 87500 122700 48500 169300 61100 66900 
22 50 24 44 41 53 90 138 8 34 20 15 45 134 18 164 37 115 14 288 95 26 30 31 22 50 18 29 16 22 8 5 19 37 9 16 81 13 11 31 81 25 41 11 15 27 23 19 13 22 21 57 20 30 35 18 10 11 7 46 100 15 81 86 121 174 17 11 14 10 46 18 10 16 34 32 159 16 69 15 27 144 144 13 72 15 142 149 213 24 14 32 61 15 23 29 31 43 20 12 
100200 204500 95400 175200 163900 231700 372100 556300 28800 123500 74500 57800 179600 541300 74400 640400 153300 471700 55500 1127700 369400 129800 118300 115700 82600 204400 70600 104600 63400 93000 24600 17000 68300 138800 32700 58400 309000 45300 39700 119000 335500 95300 167600 35000 52700 101900 80600 78900 50900 86100 84300 222700 81400 113700 138600 68400 36500 35800 22400 181100 410100 61900 309300 330100 497400 710200 74700 38100 50500 36800 196100 73900 35000 58400 138800 125000 636100 71800 286700 62800 105500 601500 591800 57200 308500 54400 567900 610200 849000 97900 64400 125900 232500 59100 91500 106200 128900 171800 80800 45200 
