Pancakes = 10 gap-x = 1
Algorithms: A* RA* IDA IDD DIBBS GBFHS NBS DVCBS 
84 521 218 441 432 1210 604 155 33 486 81 14 288 1575 660 161 121 509 14 1754 810 175 1854 340 382 248 180 198 560 302 78 11 116 361 10 16 1247 89 159 369 721 201 1521 52 14 189 190 662 47 37 81 304 173 70 170 26 48 82 147 368 1367 15 1546 150 723 177 83 96 48 43 615 90 45 161 218 223 460 96 1101 167 215 646 1785 220 1541 91 1728 644 3914 124 112 172 292 80 613 1722 504 1764 122 265 
130000 556700 266200 521900 496200 1399300 760000 196500 48600 560300 113100 23400 339200 1863500 780700 201200 146100 529200 23300 1906900 888400 213400 1928400 383100 414900 276300 227500 220400 598400 330700 89700 16800 130100 394200 18400 19800 1342100 132000 186900 419100 780700 229500 1649400 79000 24500 206300 202300 706800 65500 44400 97000 312500 201400 88200 191200 35900 55900 93200 161500 382400 1477400 38200 1609400 189900 751700 217100 102100 110800 54000 52800 676000 118000 54700 170200 242200 252000 477800 118600 1179400 195800 236200 678900 1841500 272600 1676200 126300 1866500 747400 4189200 170200 128700 187200 323000 99700 682200 1815500 558600 1857700 163100 295500 
82 359 77 239 127 585 318 81 45 116 55 15 239 697 385 52 80 459 11 829 440 410 844 190 395 153 167 94 380 172 34 31 254 116 15 167 807 38 84 1876 350 680 1001 27 41 77 822 391 33 32 31 180 121 38 277 21 46 142 91 150 744 50 909 59 587 450 94 34 140 60 350 96 54 123 77 62 121 79 1260 78 89 571 831 155 686 183 880 295 2273 27 76 414 137 59 371 1671 520 790 92 192 
109800 442200 105100 260700 145400 681400 382000 112800 61600 135600 65500 19600 275600 819800 464400 63400 97300 512800 15700 977400 503100 467500 978500 219200 442300 175800 188900 123100 450000 215200 40500 33500 275200 135400 21500 198200 918300 46300 103900 2162800 429500 773800 1165400 47400 53100 90900 948400 466200 49800 37200 44700 216100 141900 51000 310500 34300 58000 166600 112500 177500 857800 79500 1060500 86700 690100 535900 132000 41700 158600 74100 392400 123500 73100 143500 103200 81600 148900 94400 1477500 111400 110300 644500 1002300 205800 765000 230200 1014000 354900 2578700 58700 98400 482300 182700 68100 427500 1824100 618600 896000 127700 218700 
941 2698 870 3185 4558 11299 893 2743 91 2470 752 37 1503 4089 4008 1208 301 2475 120 10073 6169 764 4223 3244 1614 2676 1805 726 1455 1204 1014 114 1303 3691 32 222 2600 242 948 2037 2617 2559 3296 354 58 1241 1562 6191 128 129 224 1232 3157 103 2807 110 629 711 816 4999 2759 164 3838 594 4645 748 418 263 597 262 9166 1493 268 663 1217 876 1300 563 3947 1121 828 2249 8028 696 7758 804 4648 2987 11883 888 244 645 1256 362 4148 4633 2896 4040 755 803 
198700 560700 190000 689500 968100 2396600 196900 554200 20600 531500 159800 9000 312400 880500 786600 250800 65300 480500 26600 2045300 1233900 162000 844300 685400 332400 539000 394500 150900 306100 255700 207900 22400 277500 732400 9100 51300 533900 64600 200000 412300 534000 501400 669300 74000 13000 252700 318500 1248200 28700 31000 50400 259600 660700 25000 584500 26400 134000 147700 175300 1010800 571000 38300 795400 133500 973900 161900 88400 61400 118500 58800 1880300 316500 55000 131700 258200 186200 280500 114800 755700 244400 170400 423100 1688300 141800 1541500 157300 910200 642500 2338300 193100 55500 138000 269900 78500 865300 942400 574200 853700 159400 178000 
106 331 214 397 314 750 251 151 48 346 87 27 212 767 159 147 88 63 26 256 145 140 250 356 362 145 215 34 273 84 125 13 137 405 22 32 159 105 111 36 332 174 327 50 30 35 37 155 85 41 99 80 316 46 192 32 65 80 99 405 569 30 356 145 511 151 102 97 22 60 687 109 60 85 187 147 335 118 87 123 29 72 230 84 746 22 307 165 784 117 81 176 348 23 127 151 64 283 88 61 
108300 276000 175700 368900 276700 602400 206100 156900 38400 315400 77200 22000 150100 614500 111400 124000 61800 50800 19300 170100 106800 129400 158800 268900 300100 107800 171800 32300 199200 49900 89800 11300 122600 358900 20800 27800 99300 82400 71700 30900 271000 156000 208400 37200 31500 27600 45000 110600 61800 27400 74700 49300 234100 46900 162400 24100 53800 65900 61100 360800 470400 22600 207300 137900 428100 143300 85400 69300 17100 52800 567300 89500 51100 58100 176900 133100 324100 93300 66800 104400 21600 55700 152500 52700 647700 17500 210000 105300 478900 98700 72900 140700 308900 18000 77000 127200 50100 172500 72100 41100 
81 131 141 280 288 502 105 116 37 240 63 15 134 115 86 121 40 70 66 141 81 99 127 208 51 50 132 18 126 42 82 5 104 327 68 261 115 80 48 17 90 98 178 35 82 19 20 87 38 25 71 42 155 30 116 17 53 57 30 288 396 169 195 87 283 119 84 75 10 45 476 89 48 34 137 122 265 97 128 92 13 87 129 38 488 8 165 95 415 84 57 105 289 9 69 220 73 149 73 43 
330500 613800 564400 1074000 1064600 1832800 430500 460700 159000 912200 274200 66900 532300 487300 348400 527300 170600 278700 259100 615800 324200 396800 494700 800400 232100 215200 515000 76400 495300 178000 317700 23100 406300 1215000 260400 1101900 498900 322100 201500 72500 353500 396900 675900 142200 309600 73100 75000 339000 147300 99300 273000 175200 589100 118100 448900 70700 211000 218300 117900 1145100 1529800 663600 780500 342400 1123800 501300 352400 299600 41900 183300 1898600 360000 199200 144100 520400 520400 1059300 390000 512200 376200 61500 359400 539700 168400 1944100 40600 621700 375600 1605000 401600 254900 412000 1038500 37400 268200 878000 296000 589200 285500 179600 
116 493 168 356 388 1062 473 143 50 379 81 19 261 1176 502 149 101 460 74 1265 574 1025 1338 292 300 240 165 162 491 266 83 16 112 323 88 303 1136 90 111 2607 529 1257 1174 45 93 162 1247 474 65 50 82 237 139 61 153 28 62 85 110 325 1151 146 1012 122 545 1180 119 101 266 58 480 122 54 121 169 155 373 124 1034 154 175 531 1326 229 1130 441 1283 493 2818 101 105 1085 274 81 463 1342 480 1290 113 237 
486500 1973200 671200 1342500 1828800 4026000 1836100 576200 208700 1429700 322300 79100 1030600 4451700 1894600 585000 410300 1749900 294100 4695800 2153200 3856600 4967000 1127900 1178900 979100 648700 647000 1881800 1067900 329700 65000 444300 1218000 374600 1190500 4326600 376200 458400 9870200 2007300 4648000 4375500 184800 362500 625400 4658900 1782000 249200 191100 320700 940800 550400 235800 605400 120800 237100 330200 442300 1203300 4279700 557700 3697800 486500 1994500 4318400 467200 404000 1010100 240800 1809900 463200 204300 462900 663600 618700 1397200 485900 3989400 631700 679300 2000900 4970500 897000 4265300 1702400 4795600 1856900 10451300 403400 435300 4096100 1032700 328300 1741000 4984700 1870400 4780500 450500 950700 
112 490 106 172 216 966 448 108 42 184 66 18 264 1102 516 92 128 530 48 1290 566 608 1282 168 288 266 136 118 490 270 56 16 492 182 42 148 1132 52 126 798 478 536 1130 90 46 124 386 502 56 42 52 250 104 48 430 72 56 158 134 210 1130 80 1258 82 500 486 110 58 154 58 494 120 50 150 120 104 188 116 990 134 140 634 1300 240 890 308 1282 432 2744 46 62 688 208 166 466 1192 528 1250 68 226 
495800 1898900 428200 701900 844500 3587900 1704400 434200 180100 738100 275100 73500 1022200 4149400 1971300 364900 463900 1963500 197400 4735500 2117800 2293700 4800200 670000 1089600 1020300 553100 472500 1861900 1056000 233600 61100 1894800 723100 175700 588600 4194800 224700 504000 3167100 1843500 2087600 4201100 373100 182300 489200 1545900 1897800 221500 158600 193900 958900 393000 186400 1656900 289400 203500 620700 508100 823700 4152100 319100 4723400 324000 1989600 1922000 448200 233000 633500 224700 1867100 464200 187300 568800 460300 394500 720300 415200 3768900 546500 545900 2314200 4805900 904000 3236400 1183900 4661400 1641000 10250300 186800 266200 2644700 787900 629800 1772200 4553200 1985000 4655300 278000 878900 
112 490 106 172 216 966 448 108 42 184 66 18 264 1102 516 92 128 530 48 1290 566 608 1282 168 288 266 136 118 490 270 56 16 492 182 42 148 1132 52 126 798 478 536 1130 90 46 124 386 502 56 42 52 250 104 48 430 72 56 158 134 210 1130 80 1258 82 500 486 110 58 154 58 494 120 50 150 120 104 188 116 990 134 140 634 1300 240 890 308 1282 432 2744 46 62 688 208 166 466 1192 528 1250 68 226 
444900 1843800 439100 692800 829700 3597100 1700600 434500 173300 732900 260000 69900 990200 4105200 1953800 360400 483500 2013100 199300 4772100 2138300 2311000 4767400 669100 1075400 1043300 536700 436500 1819500 1031200 226500 63200 1859000 734300 174000 576600 4211100 214400 465900 3099900 1836700 2011600 4063500 373800 174200 457300 1565600 1874700 210500 197500 204700 929900 379600 180100 1571200 272900 241700 651800 490100 785700 4062800 302200 4360400 303400 1848700 1832900 435500 234600 600900 220000 1814700 463400 187400 572700 459500 376700 727300 462800 3737200 545700 546900 2319700 4778700 926000 3267700 1119800 4567700 1644500 10183000 199300 243600 2609900 738600 680100 1744600 4409300 1931600 4498300 278300 834000 
