1, 8, 12, 5, 16, 14, 3, 13, 6, 2, 7, 4, 15, 9, 11, 10,
8, 9, 11, 1, 6, 15, 4, 12, 14, 16, 10, 2, 7, 5, 3, 13,
16, 4, 3, 8, 15, 6, 10, 13, 2, 11, 1, 9, 14, 12, 5, 7,
14, 4, 15, 10, 11, 8, 1, 2, 7, 9, 3, 5, 12, 6, 16, 13,
2, 14, 10, 11, 5, 12, 1, 13, 9, 3, 4, 7, 8, 6, 15, 16,
7, 14, 13, 4, 1, 12, 10, 5, 6, 16, 3, 8, 15, 9, 11, 2,
5, 6, 14, 13, 11, 12, 4, 16, 15, 10, 1, 7, 2, 9, 3, 8,
13, 8, 16, 11, 5, 6, 2, 14, 1, 10, 7, 4, 12, 3, 15, 9,
4, 7, 10, 16, 12, 6, 14, 9, 8, 11, 1, 3, 2, 5, 13, 15,
5, 16, 6, 11, 9, 13, 10, 3, 4, 7, 1, 12, 8, 2, 14, 15,
8, 5, 9, 4, 1, 6, 10, 3, 11, 16, 12, 14, 2, 13, 15, 7,
9, 15, 1, 11, 4, 8, 12, 16, 14, 6, 5, 13, 2, 7, 10, 3,
12, 14, 4, 6, 13, 7, 10, 11, 9, 8, 3, 16, 15, 5, 2, 1,
3, 14, 9, 6, 10, 13, 2, 12, 4, 7, 8, 5, 15, 1, 16, 11,
2, 10, 6, 11, 16, 15, 5, 14, 12, 13, 7, 4, 3, 8, 9, 1,
15, 2, 9, 10, 1, 13, 11, 3, 4, 16, 5, 12, 14, 7, 6, 8,
4, 11, 7, 15, 13, 12, 2, 9, 5, 14, 3, 16, 1, 10, 8, 6,
8, 2, 14, 4, 12, 7, 11, 15, 3, 6, 16, 5, 1, 9, 10, 13,
6, 2, 4, 1, 10, 5, 9, 14, 13, 11, 12, 3, 8, 15, 7, 16,
3, 4, 2, 6, 11, 16, 15, 12, 14, 5, 8, 10, 9, 1, 13, 7,
12, 3, 1, 11, 2, 16, 6, 13, 8, 7, 15, 9, 14, 10, 4, 5,
13, 5, 6, 12, 14, 3, 10, 16, 4, 2, 1, 11, 7, 9, 15, 8,
4, 13, 8, 16, 10, 15, 12, 14, 2, 3, 7, 6, 11, 5, 9, 1,
16, 7, 3, 5, 1, 14, 15, 2, 4, 13, 9, 12, 8, 11, 6, 10,
10, 3, 13, 1, 11, 12, 5, 4, 8, 14, 15, 6, 9, 2, 7, 16,
12, 4, 3, 5, 15, 13, 9, 6, 14, 1, 10, 11, 2, 16, 8, 7,
6, 2, 5, 16, 3, 9, 4, 15, 14, 7, 8, 12, 10, 13, 11, 1,
8, 13, 2, 12, 7, 3, 11, 9, 14, 16, 1, 10, 5, 6, 4, 15,
16, 1, 10, 7, 3, 6, 11, 9, 8, 4, 15, 14, 2, 5, 12, 13,
8, 7, 16, 13, 3, 14, 12, 10, 1, 2, 11, 5, 15, 6, 4, 9,
15, 4, 3, 6, 1, 16, 7, 11, 10, 2, 12, 9, 8, 14, 5, 13,
8, 15, 9, 14, 4, 6, 11, 5, 3, 7, 10, 2, 12, 13, 1, 16,
6, 7, 9, 11, 2, 14, 3, 15, 8, 12, 13, 4, 5, 16, 1, 10,
12, 4, 5, 1, 13, 15, 3, 14, 16, 10, 7, 6, 11, 2, 8, 9,
4, 10, 12, 9, 1, 15, 11, 6, 7, 5, 2, 13, 14, 8, 16, 3,
13, 5, 7, 8, 3, 10, 15, 1, 6, 4, 12, 9, 16, 2, 14, 11,
6, 11, 15, 10, 16, 13, 12, 1, 5, 14, 9, 7, 4, 8, 3, 2,
16, 5, 13, 10, 4, 1, 7, 9, 2, 3, 11, 8, 12, 6, 14, 15,
14, 9, 3, 5, 1, 2, 11, 15, 12, 16, 7, 6, 8, 13, 4, 10,
10, 4, 16, 14, 6, 12, 13, 7, 15, 1, 8, 5, 3, 9, 2, 11,
9, 12, 11, 15, 7, 5, 1, 4, 2, 16, 14, 8, 6, 3, 13, 10,
9, 4, 7, 8, 1, 16, 3, 12, 6, 10, 5, 14, 13, 2, 11, 15,
2, 12, 4, 7, 11, 1, 9, 14, 13, 10, 8, 3, 5, 6, 16, 15,
15, 6, 13, 4, 7, 14, 8, 2, 5, 9, 10, 3, 12, 1, 11, 16,
1, 7, 2, 5, 8, 10, 11, 12, 4, 3, 16, 13, 15, 6, 14, 9,
16, 2, 11, 5, 1, 12, 14, 7, 6, 9, 8, 10, 15, 4, 13, 3,
2, 14, 16, 4, 12, 13, 11, 6, 3, 15, 8, 9, 7, 5, 10, 1,
15, 13, 1, 10, 16, 6, 2, 9, 14, 8, 11, 5, 3, 7, 12, 4,
15, 9, 7, 13, 4, 16, 5, 11, 6, 10, 2, 1, 3, 8, 14, 12,
2, 7, 15, 13, 8, 16, 10, 14, 1, 3, 12, 9, 6, 11, 4, 5,
7, 11, 2, 1, 4, 12, 3, 9, 14, 13, 15, 8, 16, 5, 10, 6,
9, 10, 6, 11, 16, 12, 13, 3, 4, 8, 5, 14, 2, 1, 15, 7,
8, 4, 13, 7, 15, 11, 1, 3, 10, 5, 6, 9, 14, 16, 2, 12,
6, 3, 9, 4, 7, 13, 2, 5, 16, 8, 10, 14, 1, 12, 15, 11,
8, 4, 11, 13, 15, 9, 10, 5, 12, 14, 6, 7, 1, 16, 2, 3,
13, 10, 7, 5, 11, 3, 1, 2, 15, 14, 16, 6, 8, 12, 9, 4,
9, 6, 2, 15, 4, 11, 5, 14, 10, 8, 1, 12, 7, 3, 16, 13,
2, 6, 15, 11, 9, 5, 12, 10, 4, 8, 14, 13, 7, 3, 16, 1,
16, 7, 12, 15, 9, 14, 5, 11, 8, 3, 4, 6, 13, 2, 1, 10,
11, 3, 15, 8, 14, 1, 7, 6, 16, 12, 13, 4, 9, 2, 5, 10,
2, 15, 9, 5, 13, 8, 7, 12, 1, 11, 16, 10, 3, 6, 4, 14,
8, 14, 7, 1, 3, 5, 15, 13, 6, 2, 12, 10, 4, 9, 16, 11,
4, 2, 1, 10, 13, 12, 16, 3, 6, 11, 5, 14, 7, 15, 9, 8,
8, 2, 11, 9, 5, 3, 1, 14, 13, 10, 4, 7, 16, 6, 12, 15,
6, 5, 7, 11, 8, 14, 16, 9, 3, 12, 2, 1, 10, 13, 4, 15,
12, 9, 14, 2, 11, 16, 4, 6, 10, 8, 15, 1, 3, 13, 5, 7,
7, 9, 16, 4, 13, 5, 10, 2, 14, 11, 6, 12, 1, 3, 15, 8,
6, 10, 5, 13, 7, 11, 3, 14, 2, 8, 15, 16, 1, 12, 4, 9,
16, 13, 11, 10, 8, 12, 14, 4, 1, 6, 9, 3, 7, 2, 5, 15,
13, 5, 14, 2, 15, 9, 12, 7, 6, 8, 11, 3, 4, 1, 10, 16,
15, 7, 1, 8, 12, 16, 4, 10, 3, 14, 11, 2, 9, 5, 13, 6,
12, 1, 9, 3, 7, 4, 5, 13, 16, 2, 6, 10, 8, 11, 15, 14,
13, 9, 16, 4, 11, 15, 6, 2, 14, 10, 3, 1, 8, 7, 5, 12,
3, 10, 11, 9, 7, 16, 4, 1, 12, 2, 8, 14, 15, 13, 6, 5,
4, 12, 13, 11, 3, 10, 5, 6, 1, 14, 9, 7, 2, 16, 15, 8,
15, 8, 2, 5, 12, 1, 10, 16, 4, 13, 9, 11, 3, 6, 7, 14,
4, 10, 13, 15, 1, 11, 5, 3, 6, 16, 12, 7, 2, 14, 8, 9,
10, 3, 12, 6, 7, 8, 4, 5, 15, 2, 9, 14, 13, 1, 11, 16,
14, 4, 1, 16, 13, 3, 8, 10, 7, 11, 2, 12, 15, 6, 5, 9,
6, 15, 14, 13, 16, 2, 7, 3, 10, 11, 5, 4, 12, 9, 8, 1,
9, 13, 3, 12, 11, 5, 6, 8, 14, 2, 1, 15, 4, 16, 10, 7,
15, 16, 6, 2, 3, 13, 10, 5, 7, 9, 4, 14, 11, 8, 12, 1,
8, 6, 4, 1, 12, 13, 16, 5, 14, 7, 9, 11, 10, 2, 3, 15,
15, 12, 10, 1, 3, 5, 9, 14, 6, 2, 8, 7, 11, 13, 16, 4,
8, 5, 14, 11, 10, 7, 15, 6, 16, 1, 13, 12, 4, 9, 3, 2,
3, 13, 7, 14, 5, 15, 4, 12, 1, 8, 6, 16, 9, 10, 11, 2,
8, 2, 16, 15, 10, 1, 11, 9, 3, 14, 12, 5, 13, 4, 7, 6,
10, 7, 1, 12, 13, 4, 2, 5, 3, 16, 6, 15, 11, 9, 14, 8,
10, 13, 12, 3, 5, 1, 15, 6, 9, 4, 7, 11, 16, 2, 8, 14,
15, 2, 7, 11, 1, 16, 8, 3, 6, 14, 5, 13, 12, 10, 4, 9,
4, 14, 8, 12, 2, 1, 6, 5, 10, 7, 15, 3, 11, 13, 9, 16,
13, 7, 11, 1, 10, 9, 16, 4, 8, 15, 6, 12, 5, 3, 2, 14,
12, 8, 9, 3, 1, 16, 5, 2, 14, 10, 13, 11, 7, 4, 6, 15,
10, 15, 4, 16, 5, 14, 7, 2, 3, 12, 1, 9, 6, 13, 8, 11,
8, 5, 2, 9, 3, 14, 4, 13, 10, 1, 11, 12, 7, 16, 6, 15,
15, 9, 16, 13, 1, 3, 8, 6, 5, 11, 2, 4, 10, 12, 14, 7,
14, 6, 12, 16, 5, 13, 3, 10, 7, 2, 4, 11, 9, 15, 8, 1,
15, 1, 3, 2, 6, 4, 11, 7, 16, 14, 10, 12, 5, 8, 9, 13,
2, 9, 3, 5, 6, 4, 12, 1, 7, 16, 15, 14, 10, 8, 11, 13,
11, 10, 8, 13, 7, 12, 1, 9, 6, 15, 5, 4, 2, 16, 14, 3,